&PARAM1
 JOBNO=          9,
 KSMAX=    1000000,
 DIV=  60.000000000000000     ,
 DIV2=  40.000000000000000     ,
 /
